241013241839353856
111872187803172864
800989932738314260
917161961060454480
170961644971622400
107652321038606336
1149435177538433175
536725096484700170
150124684694781952
131811222331981824
112715819628158976
177805701744295936
193633464086429697
197937083686453248
491659976541208596
217071181449265153
141973924442275840
473671910966951937
674691375064940603
894309413345689602
152563553126055936
485123725252100119
366664232164655105
416398328213798913
414622625537720320
230564830497472512
190221245210558474
169201808462315521
693080423340834837
98506903507726336
415229886060560404
465537982544216075
235219915521392642
652594335040274432
131122601916497921
105415848906252288
102187100476014592
781900016956342333
512066408159641600
143979104260063232
318581545361473538
146041588513112064
486514092018892801
305857381093605387
121812315178795008
345761660461645826
135635920316661760
534837618807144449
374296236276187156
93539349727031296
427834859344494596
356345080619204628
1017868006082228304
